1 0.565625 0.903125 0.21796875 0.190625
1 0.484375 0.18046875 0.07734375 0.1140625
1 0.4984375 0.44375 0.12578125 0.1765625
1 0.684375 0.50234375 0.14296875 0.234375
1 0.9453125 0.52578125 0.1078125 0.15390625
1 0.4625 0.04296875 0.05390625 0.078125
3 0.534375 0.7265625 0.06015625 0.16640625
3 0.35234375 0.34921875 0.0375 0.10703125
3 0.315625 0.378125 0.034375 0.128125
3 0.5453125 0.0875 0.02265625 0.06953125
3 0.3 0.171875 0.0265625 0.08359375
3 0.57734375 0.128125 0.025 0.06796875
3 0.3984375 0.08515625 0.02421875 0.07109375
3 0.3828125 0.2484375 0.03046875 0.0890625
3 0.47578125 0.31875 0.0359375 0.0734375
3 0.50859375 0.0171875 0.01875 0.034375