2 0.76875 0.734375 0.021875 0.02890625
2 0.496875 0.27734375 0.02265625 0.0234375
2 0.4796875 0.60390625 0.05 0.021875
1 0.4765625 0.584375 0.17890625 0.26796875
1 0.49375 0.26953125 0.12421875 0.178125
1 0.46484375 0.0671875 0.0890625 0.1265625
1 0.58125 0.0625 0.090625 0.125
3 0.7640625 0.7171875 0.0625 0.19296875
3 0.63125 0.8796875 0.06953125 0.234375
3 0.6875 0.2953125 0.0453125 0.14296875
3 0.3390625 0.0171875 0.01796875 0.034375
3 0.7859375 0.57109375 0.05390625 0.171875
3 0.3640625 0.01171875 0.02109375 0.0234375
3 0.3078125 0.36484375 0.0546875 0.159375