2 0.5296875 0.57265625 0.02890625 0.02890625
1 0.6296875 0.24375 0.11171875 0.17890625
1 0.521875 0.55390625 0.15859375 0.2359375
1 0.4828125 0.240625 0.1046875 0.14453125
1 0.4765625 0.04375 0.06640625 0.0875
1 0.515625 0.95234375 0.2546875 0.09296875
3 0.584375 0.02890625 0.0234375 0.05546875
3 0.47109375 0.1375 0.03125 0.0640625
3 0.5078125 0.38984375 0.04765625 0.0984375
3 0.3640625 0.1484375 0.0296875 0.0859375
3 0.33125 0.1625 0.02890625 0.1
3 0.3875 0.078125 0.02578125 0.0890625
3 0.2859375 0.63046875 0.07109375 0.20546875
3 0.39921875 0.02578125 0.0234375 0.0515625