2 0.7359375 0.7453125 0.04453125 0.0234375
2 0.584375 0.97421875 0.02578125 0.034375
1 0.50625 0.5328125 0.14453125 0.20703125
1 0.4859375 0.209375 0.0859375 0.128125
1 0.72578125 0.6515625 0.175 0.29453125
3 0.3390625 0.43828125 0.04375 0.1234375
3 0.26875 0.21484375 0.03046875 0.09296875
3 0.3796875 0.2859375 0.0390625 0.11640625
3 0.53359375 0.0984375 0.025 0.075
3 0.290625 0.48046875 0.04453125 0.15
3 0.5703125 0.134375 0.02578125 0.065625
3 0.3953125 0.09375 0.02734375 0.0765625
3 0.475 0.359375 0.040625 0.1109375
3 0.3359375 0.090625 0.02265625 0.0515625
3 0.578125 0.92421875 0.0765625 0.1484375
3 0.5640625 0.053125 0.0171875 0.040625