1 0.696875 0.54453125 0.15078125 0.25
1 0.4859375 0.19453125 0.07890625 0.11640625
1 0.575 0.93828125 0.23203125 0.12109375
1 0.5015625 0.471875 0.13046875 0.18359375
3 0.3515625 0.3796875 0.03828125 0.10703125
3 0.546875 0.78984375 0.065625 0.184375
3 0.5765625 0.134375 0.025 0.07109375
3 0.29296875 0.18984375 0.0265625 0.084375
3 0.3109375 0.40546875 0.03671875 0.13359375
3 0.5453125 0.096875 0.025 0.06953125
3 0.3984375 0.0921875 0.025 0.0734375
3 0.3828125 0.25703125 0.03203125 0.10859375
3 0.4765625 0.3359375 0.0375 0.08046875
3 0.19375 0.96875 0.09296875 0.059375
3 0.35 0.13671875 0.03359375 0.07109375
3 0.553125 0.05078125 0.0203125 0.0515625
3 0.5109375 0.01875 0.01796875 0.034375